Solution vector x:
x[0] = 1.234567
x[1] = 2.345678
x[2] = 3.456789
x[3] = 4.567890
